15 15 3
1 10
9 7
6 12
0 0 1 0 0 0 0 1 0 0 0 1 1 1 0 
0 0 0 1 0 1 1 1 1 0 0 1 0 1 0 
1 0 0 1 0 0 0 1 0 1 0 1 0 0 1 
0 1 1 0 0 0 1 1 1 0 1 0 1 1 0 
0 0 0 0 0 1 0 0 0 1 1 1 1 0 1 
0 1 0 0 1 0 1 1 1 1 1 1 0 1 1 
0 1 0 1 0 1 0 1 1 0 0 1 0 1 1 
1 1 1 1 0 1 1 0 1 1 1 0 0 1 1 
0 1 0 1 0 1 1 1 0 0 0 0 0 1 1 
0 0 1 0 1 1 0 1 0 0 0 0 1 1 0 
0 0 0 1 1 1 0 1 0 0 0 1 1 0 1 
1 1 1 0 1 1 1 0 0 0 1 0 1 0 1 
1 0 0 1 1 0 0 0 0 1 1 1 0 0 0 
1 1 0 1 0 1 1 1 1 1 0 0 0 0 1 
0 0 1 0 1 1 1 1 1 0 1 1 0 1 0 
13 1
1 2
3 1
15 1
14 1
4 1
8 2
9 2
12 1
10 2
2 1
6 2
11 1
7 2
5 2
