15 15 6
1 10 9 7 6 12 
0 0 1 1 1 1 1 0 0 1 1 0 0 0 0 
0 0 1 0 0 0 0 0 1 1 1 0 1 0 0 
1 1 0 1 1 1 0 1 1 1 1 0 1 1 1 
1 0 1 0 0 0 1 0 0 0 0 0 1 1 1 
1 0 1 0 0 1 0 1 0 1 0 0 0 1 0 
1 0 1 0 1 0 1 1 1 0 1 0 0 0 0 
1 0 0 1 0 1 0 1 0 1 0 0 1 1 1 
0 0 1 0 1 1 1 0 0 0 0 0 0 1 0 
0 1 1 0 0 1 0 0 0 0 0 1 0 0 1 
1 1 1 0 1 0 1 0 0 0 1 1 1 0 1 
1 1 1 0 0 1 0 0 0 1 0 0 0 0 1 
0 0 0 0 0 0 0 0 1 1 0 0 1 1 0 
0 1 1 1 0 0 1 0 0 1 0 1 0 1 0 
0 0 1 1 1 0 1 1 0 0 0 1 1 0 1 
0 0 1 1 0 0 1 0 1 1 1 0 0 1 0 
13 1
1 2
3 2
15 1
14 1
4 1
8 2
9 1
12 2
10 2
2 2
6 1
11 2
7 2
5 2
