5
38
287 3343 1795 9827 7779 4344 9418 4989 5980 7273 7087 9665 5129 4693 2622 1286 485 8368 3313 3824 5575 7547 3010 9319 527 7535 6110 7217 3027 3512 1133 3198 9537 1966 7070 4626 2369 6944 
21
4951 5431 6278 5857 1385 1445 8759 510 8235 9412 3734 9876 4590 8811 5000 689 9570 2929 1628 9444 476 
13
7613 9516 4548 8401 3853 6743 3499 7502 2128 9834 9264 7097 1552 
30
3715 7242 5724 8731 1637 89 1465 1159 6353 9167 6358 6421 9984 606 1472 5804 8576 8021 6905 478 2024 5074 6701 6699 7807 3153 6030 3889 8856 1702 
5
2966 510 8619 6066 4509 
