10
14
1 10
10 5
10 8
10 18
18 12
12 15
1 16
10 7
15 20
5 17
8 6
10 19
20 9
14
1 4
4 5
5 12
5 19
19 8
4 11
19 18
18 7
12 2
19 3
1 6
1 10
19 16
3
1 17
1 2
14
1 3
3 4
4 17
3 6
17 7
6 13
17 10
1 11
4 15
3 19
7 18
18 8
11 20
7
1 10
1 15
15 2
2 20
15 6
1 14
10
1 2
1 9
2 5
1 8
8 3
9 10
3 13
1 14
3 17
16
1 18
1 19
1 13
19 5
18 3
3 12
18 17
5 16
19 7
19 2
3 4
17 8
5 6
1 9
16 15
12
1 15
15 17
1 6
17 19
15 10
17 13
19 4
6 20
1 12
15 18
19 7
4
1 2
1 20
1 10
15
1 18
18 13
13 20
20 17
20 7
17 10
20 2
10 15
13 4
4 9
7 8
17 14
7 11
15 5
