25
3
10 29 51 
66 1 21 
15
33 85 35 26 92 89 34 58 14 59 46 21 48 97 73 
70 94 92 10 34 93 22 79 98 43 82 38 8 4 55 
69
52 19 19 74 49 75 83 84 89 36 37 45 95 10 28 37 46 44 62 31 15 57 33 26 6 76 34 48 89 58 85 19 73 55 52 46 57 24 4 34 52 91 2 83 10 99 23 9 70 46 33 52 6 3 91 67 30 23 56 14 5 80 25 6 17 70 80 69 39 
13 60 19 94 26 45 89 55 12 65 2 78 83 98 16 66 86 91 39 84 10 51 73 59 49 44 33 22 61 28 18 18 66 88 70 69 21 89 61 27 58 62 4 13 80 43 45 49 18 35 25 9 72 5 11 84 35 39 63 33 9 64 86 57 88 4 72 85 33 
90
42 50 14 92 13 22 56 48 89 67 58 38 88 56 59 65 53 3 69 31 43 23 44 44 82 83 96 90 47 20 20 74 33 88 74 69 82 38 75 26 84 12 18 10 39 75 61 20 62 13 98 16 41 33 87 22 39 76 74 19 87 19 4 19 17 79 66 73 63 93 94 57 8 38 87 56 36 53 3 10 95 84 75 91 37 14 40 56 28 75 
3 96 67 69 37 16 72 49 27 43 97 83 14 14 59 52 74 63 36 25 73 94 19 98 54 91 39 93 37 32 96 64 66 51 77 30 44 62 67 62 84 68 88 7 31 81 4 43 27 50 73 94 44 25 64 14 49 63 94 60 58 21 80 26 52 46 35 92 89 82 29 38 11 84 33 72 48 26 67 3 96 78 22 61 74 12 70 36 98 57 
17
89 85 13 28 51 50 63 42 16 14 6 81 91 93 67 80 20 
34 64 50 64 54 97 69 85 7 74 90 49 47 5 95 70 64 
93
40 56 88 16 83 68 92 54 42 35 56 57 16 90 79 59 17 49 42 96 55 64 90 33 52 71 14 64 41 50 15 27 23 45 43 57 5 67 1 5 32 37 10 17 3 4 31 8 44 14 19 5 96 8 76 89 67 1 53 93 64 24 56 75 69 44 27 16 6 43 92 53 55 2 65 10 9 28 21 16 55 84 92 95 56 38 49 52 71 69 66 15 25 
31 89 39 49 36 81 47 42 87 19 11 60 84 91 85 42 33 77 86 4 50 43 99 76 5 31 89 83 15 88 51 61 49 70 91 54 96 14 88 92 4 8 55 70 12 83 55 37 43 79 98 83 94 23 84 29 70 85 88 1 38 93 38 4 99 57 97 22 92 34 74 34 80 30 45 35 8 68 18 12 4 49 81 76 53 44 59 19 56 1 55 2 18 
90
8 34 37 81 16 25 75 31 94 38 16 81 42 65 5 45 96 12 80 96 7 10 1 41 29 87 89 88 75 19 13 57 58 95 36 44 61 68 10 60 45 43 4 53 19 80 17 23 33 10 21 67 45 78 44 27 44 4 7 85 10 23 47 34 86 36 35 76 10 48 37 71 38 41 6 49 29 57 99 94 77 93 75 83 82 83 65 8 32 14 
85 63 11 85 30 30 17 52 40 77 52 70 15 12 7 50 78 81 64 13 55 10 80 45 5 71 20 92 80 31 36 42 25 64 32 66 16 65 15 35 65 70 88 26 95 63 21 18 21 27 79 81 23 24 58 25 43 16 6 43 19 59 12 85 68 84 80 83 76 82 18 36 87 58 60 3 10 71 28 72 82 84 75 24 74 87 25 52 66 31 
99
36 52 18 64 21 22 93 34 43 41 93 55 46 19 46 24 12 93 13 94 34 75 70 54 42 52 88 18 35 66 18 65 61 77 70 50 71 45 42 82 92 37 90 42 33 52 86 44 46 46 17 56 46 66 10 81 51 44 89 51 90 97 34 75 25 60 78 66 70 78 53 3 57 8 75 25 64 56 82 34 24 89 4 21 95 2 47 55 60 35 20 25 46 48 3 30 28 18 24 
26 5 83 38 38 3 4 10 99 17 19 42 37 61 49 69 61 32 6 69 69 43 79 28 64 77 21 80 71 43 16 98 58 70 98 44 66 20 51 95 91 75 49 31 4 42 23 42 47 32 65 36 74 86 33 74 14 33 68 90 33 8 33 47 45 5 85 37 59 48 99 18 27 23 34 29 93 5 28 12 57 41 79 18 17 2 36 60 76 99 6 79 18 58 29 56 89 96 32 
91
79 59 22 77 79 11 49 51 87 19 74 18 70 28 37 66 28 16 12 98 94 58 15 4 91 42 86 24 45 71 77 44 93 65 70 16 33 54 44 70 48 74 77 4 28 5 89 14 55 38 76 23 30 95 53 13 10 97 56 79 96 96 13 10 48 8 14 30 80 91 25 95 5 44 43 43 24 17 40 34 11 73 99 81 28 37 74 98 28 56 29 
1 64 28 79 75 77 61 49 65 29 90 8 57 67 39 6 58 20 72 66 73 39 11 99 88 88 43 58 4 53 66 10 93 4 10 19 98 14 45 79 15 89 31 60 10 21 67 36 55 27 98 8 73 71 56 46 92 69 43 84 75 8 94 12 82 71 13 2 13 90 1 77 92 53 83 33 60 87 47 25 20 65 27 26 50 25 42 60 41 58 46 
59
39 83 45 97 87 87 86 81 47 5 8 16 78 29 8 74 8 46 9 59 76 90 98 25 21 52 83 37 92 18 22 35 15 8 98 48 60 95 90 57 2 37 15 3 50 40 65 47 31 51 11 26 98 86 51 62 22 40 25 
43 51 32 23 65 9 49 17 68 11 48 56 49 82 14 14 69 70 25 77 34 57 77 52 45 25 37 71 24 98 71 28 67 84 61 94 1 46 48 5 68 27 86 98 57 33 79 60 20 8 35 76 38 73 23 56 49 10 44 
42
17 45 77 20 43 17 78 26 60 64 5 91 59 76 78 62 61 20 92 79 29 82 18 7 40 22 39 1 91 53 92 14 61 24 5 36 72 44 61 96 9 84 
13 84 81 40 35 73 80 53 77 64 16 86 40 98 7 22 77 84 28 30 2 99 29 56 52 47 5 92 34 83 38 97 96 43 94 62 27 87 91 62 43 4 
3
30 74 19 
64 84 50 
44
2 81 68 19 34 62 50 8 36 16 8 64 39 38 1 5 63 94 74 27 44 32 18 82 19 46 5 23 41 97 73 57 92 85 64 78 30 85 78 64 14 36 81 46 
61 81 9 2 62 46 58 47 83 69 8 21 83 59 43 91 51 98 10 93 51 24 80 12 10 40 17 96 84 69 26 37 16 68 42 2 53 50 13 90 30 23 81 98 
7
47 65 24 52 50 97 23 
13 45 75 57 92 39 85 
60
54 49 50 83 70 29 63 78 44 47 93 50 10 99 21 28 30 65 66 45 90 15 2 58 41 93 10 99 12 83 70 21 8 81 48 9 36 77 54 50 58 42 64 15 43 65 95 25 16 85 43 56 53 71 65 93 48 21 77 39 
72 72 76 82 45 68 46 11 17 87 31 15 17 15 84 52 13 23 31 8 55 37 32 5 15 28 66 16 66 17 41 18 68 54 38 67 58 62 79 27 7 13 51 85 27 97 27 82 81 26 11 47 60 42 38 75 91 56 52 93 
70
52 19 90 51 37 47 29 53 18 10 76 85 71 75 84 86 72 27 19 72 23 74 69 71 90 41 27 92 56 35 38 44 34 19 19 27 47 97 75 44 59 93 64 39 1 34 55 10 33 35 91 69 21 52 37 12 7 10 58 89 49 74 33 39 11 89 42 67 81 83 
64 61 49 46 15 79 36 75 56 81 66 62 99 99 61 93 17 19 25 36 35 15 40 39 90 26 82 23 13 52 1 54 68 47 10 57 63 15 96 48 4 47 27 83 40 90 84 67 46 18 27 4 84 63 24 70 50 66 63 44 17 69 92 73 82 26 8 44 48 1 
74
38 22 62 26 38 45 23 79 78 28 17 13 74 6 63 2 25 41 71 17 75 92 77 66 64 32 48 41 52 29 43 64 51 53 76 46 25 59 38 8 18 33 63 65 74 83 5 96 37 81 55 18 98 5 84 42 81 39 62 46 10 75 99 80 46 83 96 42 60 1 85 84 23 6 
29 23 56 51 2 92 82 95 39 72 1 49 69 32 6 24 59 8 64 70 86 41 37 68 62 98 10 68 83 82 67 47 56 42 28 34 47 35 7 42 68 48 8 65 76 16 44 11 77 37 30 15 55 46 80 85 59 23 11 49 93 70 40 15 62 24 90 76 62 1 81 52 81 26 
98
28 68 23 87 71 1 70 89 70 36 69 82 51 92 97 53 11 51 95 30 75 72 64 23 56 16 62 33 45 31 74 74 60 45 44 52 74 13 50 75 3 33 67 45 60 45 16 60 19 35 86 63 90 48 21 60 11 34 24 52 26 96 80 74 24 56 51 90 65 68 73 57 75 59 38 32 73 87 17 94 3 93 26 37 71 67 41 66 86 3 66 2 47 60 16 35 37 94 
90 52 64 10 8 18 97 65 84 16 59 43 49 48 79 33 74 49 59 97 85 96 29 81 33 39 39 77 54 37 71 57 14 15 83 63 12 37 71 22 50 65 68 23 32 83 1 14 58 5 46 95 20 91 52 31 2 29 46 24 80 41 39 76 16 34 47 18 96 95 41 3 33 86 77 61 60 62 43 45 37 62 49 79 39 52 82 16 36 89 30 81 4 43 70 38 96 6 
24
12 43 94 22 85 92 43 73 20 58 99 4 88 88 43 98 13 31 26 80 85 35 82 86 
7 41 51 56 19 11 82 39 85 63 93 51 63 42 98 36 99 84 15 99 33 71 74 39 
62
66 87 8 3 8 16 22 28 32 54 32 37 29 65 44 9 10 31 30 28 84 52 52 45 5 15 14 23 76 21 3 15 26 73 26 38 73 7 21 72 49 95 61 15 70 88 44 33 74 7 67 1 79 63 35 96 80 31 88 78 67 89 
32 51 98 45 38 55 85 69 9 54 47 17 76 4 67 35 89 38 87 76 55 53 11 6 57 77 53 18 4 44 97 31 85 72 68 14 84 13 70 44 78 99 20 4 18 28 20 87 91 25 95 22 11 38 91 53 54 72 26 55 43 77 
58
57 96 8 95 45 12 71 44 23 38 27 87 69 54 59 64 48 82 20 89 36 21 53 56 51 6 87 50 55 80 70 58 17 77 61 92 1 88 7 89 67 43 3 33 12 23 47 13 92 1 89 16 73 69 38 9 92 87 
71 24 19 56 1 90 57 2 41 3 90 92 30 51 44 81 55 91 6 86 17 65 87 71 60 93 7 28 79 44 37 86 9 55 84 20 44 93 22 90 64 36 56 79 53 86 79 56 71 7 19 62 74 63 45 54 86 79 
3
36 56 2 
37 93 12 
30
25 9 31 60 24 33 21 23 79 74 33 70 15 61 77 42 50 46 44 44 64 22 21 75 70 55 29 2 1 55 
50 21 77 38 70 48 49 30 69 15 54 37 87 87 31 58 18 37 23 63 15 1 19 99 26 50 33 43 8 81 
83
26 68 31 12 88 25 76 95 63 35 74 85 61 57 37 2 63 27 31 16 8 85 77 12 33 13 34 66 73 69 19 93 52 80 63 48 95 49 66 11 70 2 78 53 17 20 88 22 28 36 42 79 78 80 36 90 90 16 92 21 51 95 25 72 14 89 87 29 64 16 78 44 73 58 41 11 83 32 12 79 32 45 76 
56 43 33 49 52 67 75 26 43 80 88 78 90 75 20 29 60 97 53 80 99 91 80 70 80 4 77 71 90 67 98 41 22 19 96 16 75 51 20 2 23 44 97 66 72 95 34 73 40 23 67 38 74 61 48 34 10 10 91 98 51 40 87 18 68 56 34 64 62 53 82 99 47 25 51 9 42 14 22 30 3 25 76 
48
33 88 9 10 97 29 89 84 3 36 74 79 52 54 54 27 37 70 85 8 70 47 42 38 70 87 41 92 43 90 71 61 2 43 4 66 67 50 29 29 15 35 24 9 22 43 47 49 
71 37 61 3 55 41 24 27 64 50 50 67 24 52 80 35 89 4 62 77 44 94 28 27 34 42 11 50 27 33 88 60 33 76 47 40 9 76 3 39 44 89 69 25 15 23 86 65 
