25
19
11 28 13 91 94 5 66 41 31 76 3 18 27 50 52 54 73 91 63 
39 90 83 43 8 79 12 42 74 92 48 36 78 62 45 67 71 33 40 
6
48 66 48 42 62 78 
30 13 77 55 12 60 
4
8 36 52 97 
73 32 72 88 
59
14 15 29 41 81 59 33 59 89 76 28 89 28 57 90 89 73 54 29 74 24 29 28 22 26 11 34 4 95 86 59 40 97 71 59 60 36 31 61 16 34 79 70 38 21 60 53 56 62 53 93 49 31 75 87 42 85 57 60 
62 42 46 59 47 86 62 18 43 38 68 21 25 91 13 78 50 3 65 18 65 13 82 94 33 8 28 83 37 92 60 8 29 21 56 87 36 82 56 6 11 27 95 88 84 43 98 16 80 42 84 21 43 92 23 90 5 82 68 
4
12 16 12 43 
12 51 3 23 
92
10 33 7 5 84 84 42 9 89 62 86 79 81 50 52 13 82 76 25 98 78 32 55 12 54 68 94 3 24 54 47 24 44 90 78 96 32 43 96 95 44 64 76 79 12 47 71 78 17 3 55 51 54 38 16 98 17 23 94 15 93 8 78 26 65 37 25 40 77 91 95 83 94 35 12 14 78 73 93 18 78 5 17 98 63 38 29 85 49 76 38 59 
94 56 17 7 91 27 79 74 98 33 18 98 22 10 10 34 66 91 67 7 92 97 47 41 28 98 86 78 61 36 43 98 29 66 1 84 68 43 55 1 99 46 39 61 73 23 4 19 44 56 80 72 13 7 64 97 7 55 32 87 95 61 35 18 80 63 51 21 73 15 83 1 32 43 90 32 1 18 98 96 95 4 84 36 59 14 17 29 50 2 89 5 
76
28 23 1 63 24 77 83 24 40 33 45 89 51 41 39 22 38 67 13 23 99 60 7 20 78 27 52 35 16 96 16 49 44 60 86 36 59 65 19 19 92 34 34 28 76 5 74 88 35 58 93 34 99 59 19 63 89 54 61 5 88 87 59 18 31 80 40 26 97 31 69 17 52 50 13 5 
47 64 31 2 28 3 16 82 93 31 69 42 88 22 34 58 38 72 83 36 24 94 76 40 69 45 2 78 5 47 3 17 15 27 43 6 21 95 27 50 82 49 41 16 95 59 65 7 92 48 19 91 4 51 44 22 14 37 48 79 38 16 70 20 29 35 22 8 33 69 41 83 36 97 71 70 
13
43 84 96 30 2 89 54 75 49 71 87 99 83 
29 87 77 46 11 67 77 89 21 78 52 26 37 
63
30 88 41 82 41 22 35 14 4 55 48 65 8 63 1 53 53 76 21 79 35 30 97 68 45 32 20 77 54 80 92 82 85 82 51 4 94 18 44 59 8 96 92 19 12 40 27 96 38 42 8 95 70 18 80 35 94 15 12 81 96 77 76 
35 50 18 70 67 93 79 33 80 61 83 90 36 47 57 6 93 15 88 40 27 96 69 48 97 61 91 68 84 75 14 31 50 93 3 91 64 26 96 69 56 59 84 53 63 37 64 10 57 67 85 7 37 4 58 37 44 29 94 57 39 8 37 
36
80 2 56 8 6 29 97 72 49 45 53 84 51 21 97 89 42 43 34 12 26 32 14 31 49 84 2 13 26 92 40 31 99 10 39 84 
69 60 54 54 84 71 65 30 26 34 48 86 73 2 83 12 26 9 8 1 4 88 78 31 91 56 15 21 74 87 82 40 10 88 64 44 
97
13 90 12 85 61 20 91 84 68 95 32 60 38 75 17 96 25 36 35 12 24 3 88 19 19 85 8 50 43 4 95 60 20 33 56 81 9 73 69 17 88 57 31 17 77 34 56 56 80 33 35 38 20 56 23 46 86 98 87 61 33 56 16 2 5 29 82 86 26 67 23 23 38 73 6 4 22 93 66 11 98 52 92 15 32 33 5 42 11 39 24 48 39 92 5 9 77 
47 39 56 36 5 54 78 52 4 80 37 6 79 10 94 11 68 30 17 42 39 47 95 27 52 88 41 51 24 57 4 66 86 71 98 92 75 99 73 81 33 82 43 28 22 37 53 93 1 68 30 43 33 4 72 85 53 11 86 9 67 55 43 27 77 25 27 24 30 69 81 26 17 45 67 20 72 74 31 58 6 90 56 14 96 80 69 31 47 78 69 91 97 16 25 51 80 
41
90 12 16 67 88 80 28 2 1 48 30 23 14 3 25 3 89 60 9 62 21 11 73 88 22 32 32 83 93 89 55 51 16 83 39 43 65 83 27 4 36 
30 22 29 3 84 9 4 76 10 73 37 90 85 39 41 87 84 13 62 62 28 40 21 77 78 80 59 7 6 16 6 67 73 1 73 19 92 38 5 67 88 
71
62 75 85 70 38 50 3 85 13 30 62 2 38 9 25 52 13 94 67 22 29 64 36 93 67 93 49 49 77 47 15 10 44 22 73 80 47 92 10 26 23 38 33 25 61 16 55 95 58 11 34 48 33 38 99 55 89 61 55 30 59 97 26 8 26 48 44 74 60 75 19 
87 69 11 19 12 73 77 10 39 47 37 49 31 38 47 33 33 3 71 50 36 35 58 54 10 13 35 76 32 76 96 44 61 92 99 97 62 75 59 77 57 50 67 59 34 21 95 60 1 13 97 35 94 49 20 18 60 26 65 67 4 50 68 20 64 61 64 49 66 73 65 
15
31 9 81 23 92 57 57 1 79 80 12 20 48 88 90 
23 34 94 25 79 91 49 24 57 96 51 96 4 43 28 
71
31 6 43 68 18 89 57 1 62 64 59 84 75 94 12 24 96 66 19 90 86 56 27 98 47 28 8 25 44 17 70 20 93 59 24 10 92 96 56 44 5 58 21 71 86 4 96 85 57 53 68 8 36 71 99 99 76 13 65 35 7 32 44 60 69 89 66 74 19 66 13 
60 42 66 35 46 11 44 15 12 62 42 13 87 66 42 67 85 85 8 46 88 54 91 62 46 24 98 34 65 75 75 16 97 47 88 13 78 61 60 84 37 97 41 61 33 52 19 59 28 55 93 77 29 28 19 72 28 16 8 40 11 33 14 61 59 11 22 76 31 49 13 
74
17 7 75 25 94 44 19 14 7 14 27 79 94 30 51 55 45 53 35 62 51 35 39 31 48 8 42 18 34 89 63 51 65 82 55 22 93 18 36 97 56 46 37 51 26 15 84 91 76 14 88 7 26 75 52 30 68 98 20 65 35 58 72 5 56 3 32 96 7 72 18 30 8 21 
26 68 16 78 46 94 73 99 82 68 16 84 41 79 62 44 97 53 61 35 20 69 67 49 28 47 77 70 12 18 13 78 93 43 1 47 10 89 92 48 93 93 66 63 64 34 39 76 70 33 6 16 70 76 44 16 44 66 57 96 33 88 81 55 7 28 54 93 39 77 68 55 50 65 
61
57 54 76 59 18 80 62 83 60 4 64 8 60 47 30 43 33 95 46 45 83 8 24 15 80 19 58 67 52 75 92 27 46 64 93 33 29 44 4 21 41 80 17 18 55 80 87 43 58 51 4 50 52 22 46 45 71 67 78 68 7 
57 65 5 26 85 5 83 10 23 19 79 11 54 86 87 7 28 62 63 32 65 58 59 53 42 92 54 36 24 95 21 72 50 23 95 39 66 25 55 98 84 46 8 38 61 24 29 33 72 2 1 68 14 13 75 78 35 20 67 49 17 
99
21 58 64 81 83 83 48 36 26 62 75 75 30 41 59 98 28 63 2 83 15 43 26 7 44 41 17 60 65 98 94 66 76 51 46 70 66 52 32 92 39 6 69 53 76 52 89 22 62 94 52 29 7 19 15 87 61 50 45 2 6 63 69 77 30 93 8 1 74 24 81 7 2 96 33 72 13 73 97 69 82 38 36 38 67 83 81 57 66 47 65 90 21 10 62 3 45 35 16 
87 5 63 72 34 10 20 6 68 52 13 84 34 37 6 20 3 92 50 80 9 10 68 62 98 13 92 5 87 5 25 41 32 28 4 95 47 54 67 23 9 68 2 1 73 28 17 42 76 1 44 33 32 10 7 24 58 69 43 73 13 89 57 92 42 28 15 22 74 55 83 93 67 39 5 68 51 11 68 49 46 25 56 59 12 69 85 41 29 22 58 48 68 27 53 26 27 67 87 
33
6 88 27 39 52 60 80 96 2 82 88 37 80 41 78 77 63 96 44 15 32 45 97 74 7 82 97 69 27 94 10 5 90 
97 96 14 26 47 62 41 85 53 19 88 13 47 53 75 4 40 89 30 39 4 3 96 10 69 45 1 14 80 25 10 63 49 
32
76 52 61 90 7 87 46 10 82 75 17 45 1 81 1 65 75 3 83 36 23 70 92 13 28 6 87 74 65 6 94 78 
33 41 42 33 57 55 89 96 12 19 93 16 78 13 93 30 88 62 31 59 93 59 74 54 63 82 82 71 39 23 81 43 
53
51 39 98 77 33 16 34 54 49 61 70 99 83 92 28 31 52 84 36 66 16 36 52 42 93 7 68 16 60 76 71 29 2 16 1 62 33 14 29 18 22 15 3 77 62 10 13 5 11 15 69 54 36 
88 71 81 92 31 66 27 64 34 20 98 72 98 21 38 57 52 88 75 61 25 15 79 26 53 91 43 74 71 39 11 78 84 67 66 64 81 36 39 43 69 1 76 23 96 12 2 31 46 74 34 16 55 
19
52 38 98 87 71 77 74 71 62 62 91 3 42 41 54 74 18 89 33 
2 84 20 86 98 52 54 95 48 86 14 48 99 81 44 47 58 13 41 
1
11 
19 
11
55 13 62 55 35 1 5 50 37 8 62 
54 30 40 77 79 20 81 82 20 2 27 
81
11 10 96 67 27 63 16 6 89 63 4 99 60 60 37 89 8 14 95 81 21 34 60 58 36 77 48 63 14 80 46 93 47 94 11 86 56 54 25 90 14 59 53 61 93 3 50 83 38 36 18 1 98 91 46 71 96 93 96 59 25 82 96 63 78 25 88 66 44 40 91 2 66 11 43 73 12 60 97 79 90 
72 71 63 23 83 62 66 4 78 17 35 49 25 40 15 66 89 43 36 22 98 6 91 49 54 14 20 99 95 87 65 28 3 10 71 35 37 76 1 85 90 41 85 94 42 25 85 43 60 73 74 79 44 93 47 65 1 7 73 90 6 47 61 5 12 30 45 10 97 83 72 3 21 54 78 76 22 49 10 70 17 
